#x	y	dy
      0.00000      49.1893      30.0000
      1.00000      54.8448      30.0000
      2.00000      40.1114      30.0000
      3.00000      26.1809      30.0000
      4.00000      40.7383      30.0000
      5.00000      71.9467      30.0000
      6.00000      33.5833      30.0000
      7.00000      131.364      30.0000
      8.00000      68.1970      30.0000
      9.00000      131.095      30.0000
      10.0000      37.2666      30.0000
      11.0000      189.868      30.0000
      12.0000      125.030      30.0000
      13.0000      99.6729      30.0000
      14.0000      127.271      30.0000
      15.0000      106.426      30.0000
      16.0000      153.886      30.0000
      17.0000      153.381      30.0000
      18.0000      94.8586      30.0000
      19.0000      136.245      30.0000
      20.0000      166.235      30.0000
      21.0000      139.360      30.0000
      22.0000      136.896      30.0000
      23.0000      148.319      30.0000
      24.0000      144.289      30.0000
      25.0000      172.145      30.0000
      26.0000      204.599      30.0000
      27.0000      178.184      30.0000
      28.0000      207.157      30.0000
      29.0000      268.206      30.0000
      30.0000      197.244      30.0000
      31.0000      291.271      30.0000
      32.0000      261.346      30.0000
      33.0000      240.729      30.0000
      34.0000      211.113      30.0000
      35.0000      223.606      30.0000
      36.0000      258.455      30.0000
      37.0000      226.111      30.0000
      38.0000      276.129      30.0000
      39.0000      238.149      30.0000
